73.762
74.146
74.795
77.173
76.463
74.808
75.797
74.958
74.832
74.299
74.783
75.103
74.307
74.701
74.746
74.631
74.999
74.881
74.901
74.582
74.309
76.617
74.887
74.819
77.133
80.315
74.209
75.094
76.456
75.563
75.324
78.506
74.838
74.637
75.893
75.642
74.326
74.335
75.312
75.017
76.623
76.687
74.704
74.389
75.426
74.924
---
1.741
1.735
1.738
1.699
1.673
1.75
1.69
1.777
1.743
1.732
1.747
1.758
1.751
1.714
1.801
1.747
1.751
1.756
1.756
1.794
1.755
1.693
1.774
1.691
1.657
1.592
1.75
1.761
1.616
1.668
1.733
1.594
1.684
1.811
1.61
1.742
1.748
1.751
1.679
1.752
1.538
1.794
1.73
1.729
1.762
1.712
